mass = 9.400000e+02 
Ea = 5.000000e+01 
r0 = 7.702490e+00 
ka = 3.065942e+02 
ell = 0 
x0 = 1.196928e+01 
nucA = 2.080000e+02 
nucZ = 8.200000e+01 
nmaxf = 500 
x_i = 2.316886e-314 
x_f = 1.018724e-312 
y_0 = 2.316886e-314 
y_1 = 0.000000e+00 
h = 0.000000e+00 
nmaxb = 500 
x_f = 2.317320e-314 
x_f = 2.317320e-314 
y_0 = 2.316886e-314 
y_1 = 2.317199e-314 
h = 0.000000e+00 
