Et = 1.126111e-01
Eb = 5.630554e+00
